210495.0      1
211025.0      1
243717.0      1
211595.0      1
211001.0      1
130260.0      1
450151.0      1
148450.0      1
242573.0      1
211623.0      1
138391.0      1
211027.0      1
450267.0      1
111203.0      1
210457.0      1
846005.0      1
129914.0      1
450133.0      1
210481.0      1
243644.0      1
441889.0      1
211365.0      1
226211.0      1
246591.0      1
420404.0      1
214039.0      1
193129.0      1
211519.0      1
287926.0      1
350160.0      1
175957.0      1
577190.0      1
450170.0      1
143982.0      1
263400.0      1
211617.0      1
230463.0      1
450159.0      1
210205.0      1
234387.0      1
131012.0      1
520368.0      1
160349.0      1
520150.0      1
210463.0      1
165282.0      1
294790.0      1
246585.0      1
263393.0      1
239044.0      1
230403.0      1
210454.0      1
241072.0      1
130050.0      1
120448.0      1
106945.0      1
130279.0      1
520536.0      1
196602.0      1
127723.0      1
175436.0      1
520134.0      1
213052.0      1
773240.0      1
210315.0      1
767161.0      1
285301.0      1
983322.0      1
175477.0      1
128702.0      1
271928.0      1
460418.0      1
198250.0      1
288310.0      1
210381.0      1
263931.0      1
262215.0      1
236661.0      1
259485.0      1
175252.0      1
289591.0      1
263926.0      1
620156.0      1
262181.0      1
178769.0      1
330197.0      1
258885.0      1
210341.0      1
176988.0      1
210348.0      1
210328.0      1
211626.0      1
236704.0      1
520546.0      1
420292.0      1
217262.0      1
191161.0      1
210323.0      1
160622.0      1
176913.0      1
520452.0      1
234223.0      1
450015.0      1
208624.0      1
210439.0      1
160472.0      1
450024.0      1
246404.0      1
131921.0      1
163923.0      1
210248.0      1
420491.0      1
441868.0      1
450032.0      1
210442.0      1
210449.0      1
450039.0      1
108979.0      1
330117.0      1
106963.0      1
245851.0      1
209601.0      1
217920.0      1
172914.0      1
2842721.0     1
130338.0      1
104256.0      1
243520.0      1
209680.0      1
123187.0      1
104182.0      1
211471.0      1
144748.0      1
387580.0      1
112440.0      1
112446.0      1
110828.0      1
210269.0      1
128840.0      1
242401.0      1
175763.0      1
165614.0      1
250631.0      1
143004.0      1
264819.0      1
143018.0      1
208575.0      1
210180.0      1
450360.0      1
229995.0      1
705501.0      1
101303.0      1
410075.0      1
246118.0      1
210109.0      1
243697.0      1
161497.0      1
230088.0      1
210655.0      1
2371541.0     1
194790.0      1
262084.0      1
211171.0      1
520471.0      1
520400.0      1
160016.0      1
210100.0      1
104645.0      1
262903.0      1
510064.0      1
229904.0      1
114882.0      1
320041.0      1
320225.0      1
210809.0      1
132189.0      1
262069.0      1
230541.0      1
263546.0      1
213316.0      1
176379.0      1
164390.0      1
210821.0      1
213318.0      1
296324.0      1
320340.0      1
510045.0      1
247817.0      1
210818.0      1
320023.0      1
320004.0      1
320008.0      1
230151.0      1
213530.0      1
230377.0      1
196959.0      1
320017.0      1
143771.0      1
195057.0      1
211806.0      1
320045.0      1
210669.0      1
243598.0      1
161630.0      1
520483.0      1
130357.0      1
209246.0      1
195186.0      1
177459.0      1
213952.0      1
292055.0      1
320092.0      1
520526.0      1
263079.0      1
132457.0      1
180943.0      1
320113.0      1
520523.0      1
263092.0      1
1557731.0     1
188885.0      1
210769.0      1
230404.0      1
162012.0      1
296369.0      1
230107.0      1
229817.0      1
145606.0      1
130118.0      1
259867.0      1
197323.0      1
971430.0      1
230134.0      1
162096.0      1
234125.0      1
129975.0      1
210071.0      1
156575.0      1
426811.0      1
230408.0      1
227858.0      1
243525.0      1
320054.0      1
420108.0      1
213419.0      1
711836.0      1
210063.0      1
320058.0      1
210729.0      1
123096.0      1
160114.0      1
263018.0      1
131385.0      1
246072.0      1
210501.0      1
247891.0      1
211041.0      1
176038.0      1
176646.0      1
350206.0      1
243341.0      1
211315.0      1
264835.0      1
104054.0      1
230559.0      1
210165.0      1
330045.0      1
132169.0      1
192502.0      1
114015.0      1
198858.0      1
225789.0      1
230176.0      1
210585.0      1
230356.0      1
264503.0      1
104690.0      1
230171.0      1
129039.0      1
450367.0      1
143262.0      1
210562.0      1
177766.0      1
230339.0      1
210515.0      1
248075.0      1
196732.0      1
330071.0      1
211029.0      1
192382.0      1
330069.0      1
450303.0      1
450308.0      1
230467.0      1
196751.0      1
243304.0      1
231693.0      1
144070.0      1
176711.0      1
210539.0      1
258617.0      1
210546.0      1
213505.0      1
129301.0      1
450354.0      1
210592.0      1
229948.0      1
213171.0      1
196573.0      1
510133.0      1
520411.0      1
262640.0      1
520413.0      1
230372.0      1
147711.0      1
284536.0      1
229634.0      1
164391.0      1
130205.0      1
129111.0      1
211275.0      1
104551.0      1
450324.0      1
420265.0      1
145642.0      1
246060.0      1
510944.0      1
211244.0      1
183718.0      1
262760.0      1
260091.0      1
284486.0      1
143502.0      1
420281.0      1
327651.0      1
161283.0      1
129046.0      1
2845311.0     1
245749.0      1
143426.0      1
195337.0      1
230366.0      1
229572.0      1
127630.0      1
159815.0      1
147657.0      1
231734.0      1
106597.0      1
181411.0      1
510804.0      1
143459.0      1
213201.0      1
211287.0      1
144343.0      1
106605.0      1
170136.0      1
211918.0      1
210933.0      1
242878.0      1
175236.0      1
440830.0      1
253169.0      1
440799.0      1
134937.0      1
410225.0      1
184093.0      1
196129.0      1
249642.0      1
112065.0      1
220382.0      1
211052.0      1
249669.0      1
233289.0      1
167775.0      1
220351.0      1
100286.0      1
127250.0      1
233368.0      1
270129.0      1
270167.0      1
220328.0      1
220326.0      1
249775.0      1
440645.0      1
200629.0      1
270196.0      1
440825.0      1
216822.0      1
330207.0      1
269789.0      1
220552.0      1
620058.0      1
310016.0      1
254468.0      1
130814.0      1
100160.0      1
200325.0      1
220537.0      1
200333.0      1
130818.0      1
130819.0      1
621084.0      1
134811.0      1
227740.0      1
441018.0      1
441003.0      1
269645.0      1
162701.0      1
236885.0      1
257600.0      1
195476.0      1
237826.0      1
116587.0      1
723460.0      1
129613.0      1
179761.0      1
178841.0      1
220310.0      1
187532.0      1
171025.0      1
220175.0      1
168101.0      1
110076.0      1
110073.0      1
233654.0      1
168119.0      1
244469.0      1
110067.0      1
173153.0      1
110065.0      1
440253.0      1
170973.0      1
440249.0      1
440239.0      1
126443.0      1
440221.0      1
110051.0      1
110045.0      1
500160.0      1
179856.0      1
945765.0      1
110024.0      1
211128.0      1
175926.0      1
410309.0      1
187414.0      1
180054.0      1
440506.0      1
217066.0      1
133318.0      1
410285.0      1
178846.0      1
220293.0      1
177824.0      1
243078.0      1
149536.0      1
200750.0      1
220254.0      1
270455.0      1
440479.0      1
163443.0      1
440463.0      1
510282.0      1
440443.0      1
618738.0      1
2688721.0     1
147045.0      1
130868.0      1
143717.0      1
220211.0      1
215846.0      1
217228.0      1
310037.0      1
310044.0      1
310045.0      1
360163.0      1
252756.0      1
293448.0      1
1465922.0     1
199635.0      1
620993.0      1
268219.0      1
441561.0      1
199661.0      1
310480.0      1
195889.0      1
268291.0      1
310463.0      1
620915.0      1
277685.0      1
441509.0      1
268371.0      1
310435.0      1
126081.0      1
162790.0      1
248888.0      1
176528.0      1
620811.0      1
171585.0      1
149419.0      1
310384.0      1
146717.0      1
2347451.0     1
215987.0      1
134016.0      1
267925.0      1
259347.0      1
116138.0      1
116140.0      1
621273.0      1
239720.0      1
111823.0      1
130687.0      1
130688.0      1
212225.0      1
441676.0      1
199642.0      1
268133.0      1
621117.0      1
441621.0      1
199572.0      1
246871.0      1
136896.0      1
1334473.0     1
178305.0      1
310540.0      1
204419.0      1
621067.0      1
510866.0      1
310378.0      1
183411.0      1
183853.0      1
440036.0      1
183634.0      1
293760.0      1
266607.0      1
441232.0      1
167280.0      1
150908.0      1
178302.0      1
232859.0      1
620250.0      1
310119.0      1
620236.0      1
130801.0      1
130804.0      1
620182.0      1
620181.0      1
232929.0      1
310089.0      1
290152.0      1
604123.0      1
441153.0      1
441148.0      1
1630901.0     1
620108.0      1
183839.0      1
620093.0      1
621068.0      1
183611.0      1
474041.0      1
162144.0      1
253480.0      1
620682.0      1
102161.0      1
116290.0      1
268554.0      1
130749.0      1
167081.0      1
441376.0      1
232628.0      1
171524.0      1
167110.0      1
261521.0      1
310211.0      1
228755.0      1
411543.0      1
2481911.0     1
124530.0      1
110324.0      1
232705.0      1
232708.0      1
108165.0      1
114386.0      1
996429.0      1
199961.0      1
110018.0      1
220015.0      1
147281.0      1
250973.0      1
222130.0      1
101064.0      1
109250.0      1
621626.0      1
185001.0      1
370004.0      1
169297.0      1
370199.0      1
234821.0      1
370010.0      1
202048.0      1
101021.0      1
251189.0      1
127105.0      1
152879.0      1
338507.0      1
185606.0      1
127106.0      1
125556.0      1
251064.0      1
201885.0      1
169086.0      1
152247.0      1
100920.0      1
125494.0      1
185119.0      1
136660.0      1
185816.0      1
410625.0      1
169639.0      1
235155.0      1
149660.0      1
135767.0      1
411538.0      1
588929.0      1
235131.0      1
109372.0      1
261340.0      1
184951.0      1
136786.0      1
148304.0      1
226849.0      1
117058.0      1
128276.0      1
149649.0      1
621642.0      1
251429.0      1
271641.0      1
101130.0      1
202241.0      1
360006.0      1
155576.0      1
234990.0      1
169066.0      1
115212.0      1
237644.0      1
272520.0      1
370494.0      1
370163.0      1
100733.0      1
370166.0      1
370168.0      1
370448.0      1
370443.0      1
370402.0      1
370391.0      1
370372.0      1
370367.0      1
100744.0      1
100782.0      1
370359.0      1
370356.0      1
370353.0      1
370223.0      1
370226.0      1
370339.0      1
370338.0      1
370320.0      1
370313.0      1
370255.0      1
100765.0      1
370290.0      1
370500.0      1
370530.0      1
610001.0      1
610285.0      1
370042.0      1
271740.0      1
250933.0      1
370348.0      1
370763.0      1
100879.0      1
370066.0      1
370069.0      1
118899.0      1
610333.0      1
610301.0      1
180535.0      1
610007.0      1
108908.0      1
370102.0      1
370645.0      1
370636.0      1
610198.0      1
370613.0      1
370574.0      1
370551.0      1
610025.0      1
610018.0      1
610008.0      1
102783.0      1
201270.0      1
220001.0      1
340201.0      1
187624.0      1
126168.0      1
137643.0      1
245108.0      1
410839.0      1
235898.0      1
186741.0      1
235871.0      1
219453.0      1
153910.0      1
126105.0      1
126104.0      1
275022.0      1
163661.0      1
252172.0      1
812078.0      1
117893.0      1
108706.0      1
410800.0      1
137424.0      1
340362.0      1
340317.0      1
340311.0      1
147151.0      1
336571.0      1
196283.0      1
235984.0      1
157660.0      1
187052.0      1
879962.0      1
101802.0      1
101797.0      1
115309.0      1
252695.0      1
170759.0      1
275965.0      1
109949.0      1
154357.0      1
139014.0      1
182544.0      1
236196.0      1
410339.0      1
154242.0      1
182538.0      1
275651.0      1
212904.0      1
113661.0      1
186950.0      1
211148.0      1
170556.0      1
252470.0      1
200102.0      1
137750.0      1
117819.0      1
620788.0      1
114647.0      1
100531.0      1
149528.0      1
210912.0      1
109531.0      1
233951.0      1
153516.0      1
235413.0      1
109514.0      1
186255.0      1
202637.0      1
125893.0      1
235376.0      1
184826.0      1
221959.0      1
201221.0      1
217609.0      1
251738.0      1
153418.0      1
117660.0      1
271401.0      1
135707.0      1
194618.0      1
113499.0      1
122601.0      1
261895.0      1
621002.0      1
187398.0      1
621756.0      1
125865.0      1
202815.0      1
340176.0      1
151915.0      1
233840.0      1
621800.0      1
340154.0      1
340151.0      1
620782.0      1
340111.0      1
2169011.0     1
2169012.0     1
620768.0      1
212703.0      1
251890.0      1
130930.0      1
340040.0      1
340033.0      1
340030.0      1
340016.0      1
217517.0      1
116953.0      1
151989.0      1
122810.0      1
210916.0      1
410751.0      1
948989.0      1
199459.0      1
183064.0      1
530339.0      1
510949.0      1
510939.0      1
163052.0      1
211728.0      1
211730.0      1
267974.0      1
510881.0      1
244653.0      1
530228.0      1
281489.0      1
510849.0      1
530244.0      1
510825.0      1
264256.0      1
172767.0      1
140657.0      1
140653.0      1
510980.0      1
510625.0      1
111272.0      1
628021.0      1
213991.0      1
119455.0      1
140582.0      1
510509.0      1
206336.0      1
211720.0      1
511025.0      1
141045.0      1
2459761.0     1
211242.0      1
141189.0      1
157555.0      1
223074.0      1
206668.0      1
211288.0      1
282246.0      1
206658.0      1
441847.0      1
195327.0      1
222957.0      1
119569.0      1
111476.0      1
214455.0      1
140983.0      1
255660.0      1
440440.0      1
251559.0      1
173700.0      1
119614.0      1
173637.0      1
102992.0      1
530171.0      1
510505.0      1
140561.0      1
130430.0      1
271405.0      1
132682.0      1
214612.0      1
140331.0      1
140308.0      1
280590.0      1
247442.0      1
205826.0      1
411619.0      1
156653.0      1
531165.0      1
265587.0      1
214716.0      1
197726.0      1
156628.0      1
411555.0      1
411551.0      1
378775.0      1
198381.0      1
212436.0      1
107388.0      1
140228.0      1
231174.0      1
411517.0      1
127366.0      1
450188.0      1
115488.0      1
264232.0      1
889085.0      1
189594.0      1
211775.0      1
132738.0      1
530353.0      1
440564.0      1
140480.0      1
247283.0      1
222388.0      1
165365.0      1
238756.0      1
510273.0      1
244732.0      1
510253.0      1
247337.0      1
510251.0      1
510242.0      1
510238.0      1
173196.0      1
255111.0      1
140418.0      1
530439.0      1
140383.0      1
530443.0      1
244706.0      1
196449.0      1
141238.0      1
655011.0      1
265828.0      1
111999.0      1
330291.0      1
284408.0      1
284407.0      1
142202.0      1
284380.0      1
284374.0      1
132385.0      1
284365.0      1
284362.0      1
284357.0      1
284351.0      1
152509.0      1
217876.0      1
191322.0      1
284316.0      1
284315.0      1
284309.0      1
195305.0      1
284293.0      1
161708.0      1
284273.0      1
161710.0      1
620032.0      1
158509.0      1
161714.0      1
141554.0      1
284427.0      1
284444.0      1
284651.0      1
330208.0      1
112186.0      1
112181.0      1
264688.0      1
112165.0      1
440586.0      1
191525.0      1
175140.0      1
158748.0      1
191499.0      1
350228.0      1
2277081.0     1
128678.0      1
350138.0      1
155868.0      1
242901.0      1
211669.0      1
284531.0      1
350062.0      1
256940.0      1
111278.0      1
520052.0      1
120269.0      1
284464.0      1
256778.0      1
222499.0      1
190432.0      1
132306.0      1
193958.0      1
256297.0      1
239863.0      1
119929.0      1
204040.0      1
174299.0      1
411664.0      1
135921.0      1
264488.0      1
271843.0      1
111927.0      1
223388.0      1
145134.0      1
260640.0      1
128032.0      1
141374.0      1
610048.0      1
155997.0      1
157723.0      1
190489.0      1
192846.0      1
132194.0      1
168104.0      1
312270.0      1
246659.0      1
256316.0      1
190791.0      1
253457.0      1
110836.0      1
186709.0      1
223930.0      1
214331.0      1
103766.0      1
330364.0      1
189285.0      1
120137.0      1
207476.0      1
595254.0      1
247129.0      1
247133.0      1
120099.0      1
530028.0      1
247145.0      1
264955.0      1
120068.0      1
190957.0      1
190923.0      1
190909.0      1
228087.0      1
141741.0      1
222688.0      1
103614.0      1
190821.0      1
265809.0      1
196475.0      1
164621.0      1
267218.0      1
126919.0      1
166239.0      1
107696.0      1
204673.0      1
266972.0      1
166255.0      1
253813.0      1
450004.0      1
199039.0      1
311003.0      1
411136.0      1
255010.0      1
621863.0      1
261225.0      1
133534.0      1
130613.0      1
310917.0      1
135032.0      1
310916.0      1
133554.0      1
248261.0      1
398232.0      1
621767.0      1
143773.0      1
149987.0      1
163278.0      1
311094.0      1
248191.0      1
227322.0      1
102814.0      1
311682.0      1
311669.0      1
430602.0      1
102473.0      1
188547.0      1
311545.0      1
227593.0      1
102448.0      1
430650.0      1
311350.0      1
237593.0      1
133447.0      1
110596.0      1
992473.0      1
311291.0      1
155645.0      1
149820.0      1
311222.0      1
311184.0      1
2397201.0     1
155586.0      1
126940.0      1
149792.0      1
234348.0      1
115958.0      1
311713.0      1
182766.0      1
267541.0      1
441844.0      1
310761.0      1
130645.0      1
261291.0      1
621507.0      1
243212.0      1
210998.0      1
127673.0      1
189648.0      1
228386.0      1
212147.0      1
255431.0      1
178398.0      1
441798.0      1
248527.0      1
267681.0      1
410432.0      1
267702.0      1
130652.0      1
232162.0      1
267721.0      1
2666071.0     1
183052.0      1
137383.0      1
199304.0      1
410422.0      1
146595.0      1
133676.0      1
310878.0      1
248312.0      1
310863.0      1
310861.0      1
133640.0      1
441929.0      1
261768.0      1
310831.0      1
410415.0      1
621657.0      1
231975.0      1
199215.0      1
310781.0      1
255441.0      1
621629.0      1
166488.0      1
199257.0      1
232034.0      1
215652.0      1
610052.0      1
133736.0      1
130641.0      1
166506.0      1
133746.0      1
311708.0      1
243229.0      1
140202.0      1
410828.0      1
430109.0      1
971488.0      1
430115.0      1
238294.0      1
211398.0      1
411033.0      1
411032.0      1
411027.0      1
330140.0      1
411018.0      1
411017.0      1
430147.0      1
411011.0      1
411009.0      1
411008.0      1
370271.0      1
238268.0      1
238263.0      1
729268.0      1
189087.0      1
410912.0      1
179157.0      1
430205.0      1
410872.0      1
312542.0      1
411123.0      1
266236.0      1
231420.0      1
133026.0      1
149322.0      1
289292.0      1
284606.0      1
241460.0      1
165746.0      1
123844.0      1
115653.0      1
266005.0      1
179054.0      1
266197.0      1
223923.0      1
149413.0      1
127374.0      1
133926.0      1
182186.0      1
244611.0      1
140144.0      1
192787.0      1
144659.0      1
888034.0      1
1120651.0     1
443989.0      1
140072.0      1
266210.0      1
109169.0      1
312522.0      1
410027.0      1
430238.0      1
410307.0      1
262020.0      1
311988.0      1
311984.0      1
410280.0      1
311969.0      1
430466.0      1
130581.0      1
311915.0      1
311906.0      1
205098.0      1
158308.0      1
221477.0      1
205088.0      1
410164.0      1
254782.0      1
130591.0      1
410135.0      1
130593.0      1
254215.0      1
246942.0      1
311777.0      1
311766.0      1
430551.0      1
311737.0      1
130572.0      1
172410.0      1
312063.0      1
410563.0      1
211939.0      1
312491.0      1
978837.0      1
312462.0      1
312413.0      1
312385.0      1
410654.0      1
242859.0      1
886785.0      1
430331.0      1
221671.0      1
410555.0      1
312065.0      1
410536.0      1
926269.0      1
205249.0      1
430379.0      1
205240.0      1
312135.0      1
410437.0      1
287255.0      1
410431.0      1
410421.0      1
312111.0      1
196606.0      1