210495
211025
243717
211595
211001
130260
450151
148450
242573
211623
138391
211027
450267
111203
210457
846005
129914
450133
210481
243644
441889
211365
226211
246591
420404
214039
193129
211519
287926
350160
175957
577190
450170
143982
263400
211617
230463
450159
210205
234387
131012
520368
160349
520150
210463
165282
294790
246585
263393
239044
230403
210454
241072
130050
120448
106945
130279
520536
196602
127723
175436
520134
213052
773240
210315
767161
285301
983322
175477
128702
271928
460418
198250
288310
210381
263931
262215
236661
259485
175252
289591
263926
620156
262181
178769
330197
258885
210341
176988
210348
210328
211626
236704
520546
420292
217262
191161
210323
160622
176913
520452
234223
450015
208624
210439
160472
450024
246404
131921
163923
210248
420491
441868
450032
210442
210449
450039
108979
330117
106963
245851
209601
217920
172914
2842721
130338
104256
243520
209680
123187
104182
211471
144748
387580
112440
112446
110828
210269
128840
242401
175763
165614
250631
143004
264819
143018
208575
210180
450360
229995
705501
101303
410075
246118
210109
243697
161497
230088
210655
2371541
194790
262084
211171
520471
520400
160016
210100
104645
262903
510064
229904
114882
320041
320225
210809
132189
262069
230541
263546
213316
176379
164390
210821
213318
296324
320340
510045
247817
210818
320023
320004
320008
230151
213530
230377
196959
320017
143771
195057
211806
320045
210669
243598
161630
520483
130357
209246
195186
177459
213952
292055
320092
520526
263079
132457
180943
320113
520523
263092
1557731
188885
210769
230404
162012
296369
230107
229817
145606
130118
259867
197323
971430
230134
162096
234125
129975
210071
156575
426811
230408
227858
243525
320054
420108
213419
711836
210063
320058
210729
123096
160114
263018
131385
246072
210501
247891
211041
176038
176646
350206
243341
211315
264835
104054
230559
210165
330045
132169
192502
114015
198858
225789
230176
210585
230356
264503
104690
230171
129039
450367
143262
210562
177766
230339
210515
248075
196732
330071
211029
192382
330069
450303
450308
230467
196751
243304
231693
144070
176711
210539
258617
210546
213505
129301
450354
210592
229948
213171
196573
510133
520411
262640
520413
230372
147711
284536
229634
164391
130205
129111
211275
104551
450324
420265
145642
246060
510944
211244
183718
262760
260091
284486
143502
420281
327651
161283
129046
2845311
245749
143426
195337
230366
229572
127630
159815
147657
231734
106597
181411
510804
143459
213201
211287
144343
106605
170136
211918
210933
242878
175236
440830
253169
440799
134937
410225
184093
196129
249642
112065
220382
211052
249669
233289
167775
220351
100286
127250
233368
270129
270167
220328
220326
249775
440645
200629
270196
440825
216822
330207
269789
220552
620058
310016
254468
130814
100160
200325
220537
200333
130818
130819
621084
134811
227740
441018
441003
269645
162701
236885
257600
195476
237826
116587
723460
129613
179761
178841
220310
187532
171025
220175
168101
110076
110073
233654
168119
244469
110067
173153
110065
440253
170973
440249
440239
126443
440221
110051
110045
500160
179856
945765
110024
211128
175926
410309
187414
180054
440506
217066
133318
410285
178846
220293
177824
243078
149536
200750
220254
270455
440479
163443
440463
510282
440443
618738
2688721
147045
130868
143717
220211
215846
217228
310037
310044
310045
360163
252756
293448
1465922
199635
620993
268219
441561
199661
310480
195889
268291
310463
620915
277685
441509
268371
310435
126081
162790
248888
176528
620811
171585
149419
310384
146717
2347451
215987
134016
267925
259347
116138
116140
621273
239720
111823
130687
130688
212225
441676
199642
268133
621117
441621
199572
246871
136896
1334473
178305
310540
204419
621067
510866
310378
183411
183853
440036
183634
293760
266607
441232
167280
150908
178302
232859
620250
310119
620236
130801
130804
620182
620181
232929
310089
290152
604123
441153
441148
1630901
620108
183839
620093
621068
183611
474041
162144
253480
620682
102161
116290
268554
130749
167081
441376
232628
171524
167110
261521
310211
228755
411543
2481911
124530
110324
232705
232708
108165
114386
996429
199961
110018
220015
147281
250973
222130
101064
109250
621626
185001
370004
169297
370199
234821
370010
202048
101021
251189
127105
152879
338507
185606
127106
125556
251064
201885
169086
152247
100920
125494
185119
136660
185816
410625
169639
235155
149660
135767
411538
588929
235131
109372
261340
184951
136786
148304
226849
117058
128276
149649
621642
251429
271641
101130
202241
360006
155576
234990
169066
115212
237644
272520
370494
370163
100733
370166
370168
370448
370443
370402
370391
370372
370367
100744
100782
370359
370356
370353
370223
370226
370339
370338
370320
370313
370255
100765
370290
370500
370530
610001
610285
370042
271740
250933
370348
370763
100879
370066
370069
118899
610333
610301
180535
610007
108908
370102
370645
370636
610198
370613
370574
370551
610025
610018
610008
102783
201270
220001
340201
187624
126168
137643
245108
410839
235898
186741
235871
219453
153910
126105
126104
275022
163661
252172
812078
117893
108706
410800
137424
340362
340317
340311
147151
336571
196283
235984
157660
187052
879962
101802
101797
115309
252695
170759
275965
109949
154357
139014
182544
236196
410339
154242
182538
275651
212904
113661
186950
211148
170556
252470
200102
137750
117819
620788
114647
100531
149528
210912
109531
233951
153516
235413
109514
186255
202637
125893
235376
184826
221959
201221
217609
251738
153418
117660
271401
135707
194618
113499
122601
261895
621002
187398
621756
125865
202815
340176
151915
233840
621800
340154
340151
620782
340111
2169011
2169012
620768
212703
251890
130930
340040
340033
340030
340016
217517
116953
151989
122810
210916
410751
948989
199459
183064
530339
510949
510939
163052
211728
211730
267974
510881
244653
530228
281489
510849
530244
510825
264256
172767
140657
140653
510980
510625
111272
628021
213991
119455
140582
510509
206336
211720
511025
141045
2459761
211242
141189
157555
223074
206668
211288
282246
206658
441847
195327
222957
119569
111476
214455
140983
255660
440440
251559
173700
119614
173637
102992
530171
510505
140561
130430
271405
132682
214612
140331
140308
280590
247442
205826
411619
156653
531165
265587
214716
197726
156628
411555
411551
378775
198381
212436
107388
140228
231174
411517
127366
450188
115488
264232
889085
189594
211775
132738
530353
440564
140480
247283
222388
165365
238756
510273
244732
510253
247337
510251
510242
510238
173196
255111
140418
530439
140383
530443
244706
196449
141238
655011
265828
111999
330291
284408
284407
142202
284380
284374
132385
284365
284362
284357
284351
152509
217876
191322
284316
284315
284309
195305
284293
161708
284273
161710
620032
158509
161714
141554
284427
284444
284651
330208
112186
112181
264688
112165
440586
191525
175140
158748
191499
350228
2277081
128678
350138
155868
242901
211669
284531
350062
256940
111278
520052
120269
284464
256778
222499
190432
132306
193958
256297
239863
119929
204040
174299
411664
135921
264488
271843
111927
223388
145134
260640
128032
141374
610048
155997
157723
190489
192846
132194
168104
312270
246659
256316
190791
253457
110836
186709
223930
214331
103766
330364
189285
120137
207476
595254
247129
247133
120099
530028
247145
264955
120068
190957
190923
190909
228087
141741
222688
103614
190821
265809
196475
164621
267218
126919
166239
107696
204673
266972
166255
253813
450004
199039
311003
411136
255010
621863
261225
133534
130613
310917
135032
310916
133554
248261
398232
621767
143773
149987
163278
311094
248191
227322
102814
311682
311669
430602
102473
188547
311545
227593
102448
430650
311350
237593
133447
110596
992473
311291
155645
149820
311222
311184
2397201
155586
126940
149792
234348
115958
311713
182766
267541
441844
310761
130645
261291
621507
243212
210998
127673
189648
228386
212147
255431
178398
441798
248527
267681
410432
267702
130652
232162
267721
2666071
183052
137383
199304
410422
146595
133676
310878
248312
310863
310861
133640
441929
261768
310831
410415
621657
231975
199215
310781
255441
621629
166488
199257
232034
215652
610052
133736
130641
166506
133746
311708
243229
140202
410828
430109
971488
430115
238294
211398
411033
411032
411027
330140
411018
411017
430147
411011
411009
411008
370271
238268
238263
729268
189087
410912
179157
430205
410872
312542
411123
266236
231420
133026
149322
289292
284606
241460
165746
123844
115653
266005
179054
266197
223923
149413
127374
133926
182186
244611
140144
192787
144659
888034
1120651
443989
140072
266210
109169
312522
410027
430238
410307
262020
311988
311984
410280
311969
430466
130581
311915
311906
205098
158308
221477
205088
410164
254782
130591
410135
130593
254215
246942
311777
311766
430551
311737
130572
172410
312063
410563
211939
312491
978837
312462
312413
312385
410654
242859
886785
430331
221671
410555
312065
410536
926269
205249
430379
205240
312135
410437
287255
410431
410421
312111
196606
